{
 "cells": [
  {
   "cell_type": "markdown",
   "id": "7ef29ea9",
   "metadata": {},
   "source": [
    "# Random Matrices in NumPy\n",
    "\n",
    "---\n",
    "\n",
    "## 1. Theory of Distribution Types\n",
    "\n",
    "### Uniform Continuous Distribution `[0, 1)`\n",
    "* **The Math**: Every real number within the half-open interval `[0, 1)` has a completely equal probability density. It follows the probability density function (PDF):\n",
    "  $$f(x) = \\begin{cases} 1 & \\text{for } 0 \\le x < 1 \\\\ 0 & \\text{otherwise} \\end{cases}$$\n",
    "* **Matrix Properties**: As the dimensions approach infinity, the expected average value of all elements in the matrix converges precisely to `0.5`, and the variance converges to `1/12 ≈ 0.0833`.\n",
    "\n",
    "### Standard Normal (Gaussian) Distribution\n",
    "* **The Math**: Elements are sampled from a continuous bell curve symmetric around zero. It follows the PDF:\n",
    "  $$f(x) = \\frac{1}{\\sqrt{2\\pi}} e^{-\\frac{x^2}{2}}$$\n",
    "* **Matrix Properties**: The expected mean of the matrix elements is `0`, and the variance is `1`. In Random Matrix Theory, a square matrix filled with these independent and identically distributed (i.i.d.) normal variables forms the foundational building block for complex statistical physics frameworks, such as the Ginibre Ensemble.\n",
    "\n",
    "### Discrete Uniform Distribution\n",
    "* **The Math**: Elements are sampled from a finite set of integers where each integer has a probability of exactly `1 / (high - low)`. \n",
    "* **Matrix Properties**: This constructs discrete random networks, digital state matrices, or combinatorial systems.\n",
    "\n",
    "---\n",
    "\n",
    "## 2. Matrix Addition & The Broadcasting Theory\n",
    "\n",
    "When performing element-wise addition ($A + B$), linear algebra strictly dictates that both matrices must share identical dimensions. NumPy bypasses this via **Broadcasting Theory**, which establishes strict logical rules for element alignment without copying data in memory.\n",
    "\n",
    "### The Core Rules of Broadcasting\n",
    "1. **Dimension Alignment**: NumPy compares the shapes of both matrices element-by-element, moving **backwards** from the trailing (rightmost) dimensions.\n",
    "2. **Compatibility Test**: Two dimensions are compatible only if:\n",
    "   * They are exactly equal in size, OR\n",
    "   * One of the dimensions is exactly `1`.\n",
    "3. **Virtual Expansion**: If a dimension is exactly `1`, that dimension is logically stretched or replicated to match the larger dimension of the other matrix.\n",
    "\n",
    "### Concrete Broadcasting Example\n",
    "- `A.shape = (3, 3)`, `B.shape = (1, 3)`\n",
    "- Compare trailing dimensions: `3` (from A) and `3` (from B) → compatible (equal).\n",
    "- Next: `3` (from A) and `1` (from B) → compatible because one is `1`.  \n",
    "- Result: `B` is virtually stretched to `(3, 3)` and added element‑wise to `A`.\n",
    "\n",
    "---\n",
    "\n",
    "## 3. Matrix Multiplication Topology\n",
    "\n",
    "The algebraic operation $A \\times B$ represents a geometric linear transformation, not an element-by-element operation.\n",
    "\n",
    "### The Inner Dimension Constraint\n",
    "Multiplication is only mathematically defined when the inner dimensions match: $(m \\times n) \\times (n \\times p) = (m \\times p)$.\n",
    "* **The \"n\" dimension**: Represents the shared vector space.\n",
    "* **The Dot Product Engine**: The value at coordinate $(i, j)$ in the resulting matrix is calculated by taking the dot product of the $i$-th row of Matrix A and the $j$-th column of Matrix B:\n",
    "  $$C_{i,j} = \\sum_{k=1}^{n} A_{i,k} B_{k,j}$$\n",
    "\n",
    "---\n",
    "\n",
    "## 4. Transposition Theory\n",
    "\n",
    "The transpose operation ($A^T$) represents a fundamental spatial reflection across the main diagonal of a matrix.\n",
    "\n",
    "### Coordinate Mapping\n",
    "* **Geometric Inversion**: Every element at coordinate $(i, j)$ is mapped directly to coordinate $(j, i)$.\n",
    "* **Dimension Swap**: An $m \\times n$ matrix is transformed into an $n \\times m$ matrix.\n",
    "* **Mathematical Properties**: \n",
    "  - Transposition distributes across addition: $(A + B)^T = A^T + B^T$\n",
    "  - It reverses the order of multiplication: $(AB)^T = B^T A^T$\n",
    "  - **Involution**: $(A^T)^T = A$\n",
    "\n",
    "---\n",
    "\n",
    "## 5. Special Note for Day 2 – Linear Algebra Operations\n",
    "\n",
    "Operations like **determinant**, **inverse**, and **eigenvalues** are defined only for **square matrices** ($n \\times n$). When we use `np.linalg.det`, `np.linalg.inv`, or `np.linalg.eig`, the input must be square; otherwise NumPy raises a `LinAlgError`.\n",
    "\n"
   ]
  },
  {
   "cell_type": "code",
   "execution_count": 1,
   "id": "f264c3ef",
   "metadata": {},
   "outputs": [
    {
     "name": "stdout",
     "output_type": "stream",
     "text": [
      "Using continous Uniform Distribution :  \n",
      " [[0.45901097 0.79664011 0.60109687]\n",
      " [0.21896609 0.56980611 0.3670729 ]\n",
      " [0.10078662 0.30146333 0.29725287]]\n",
      "Using Gaussian Distribution :  \n",
      " [[ 0.529176   -1.22255898 -0.28920273]\n",
      " [-0.2676057  -0.55040489  0.22753396]\n",
      " [ 0.51418191  0.37225346  1.83313188]]\n",
      "Using Discrete Uniform Integers :  \n",
      " [[15 79 77]\n",
      " [61 56 30]\n",
      " [20 46 29]]\n"
     ]
    }
   ],
   "source": [
    "import numpy as np \n",
    "\n",
    "\"\"\"\n",
    "1. Continuous Uniform Distribution [0.0, 1.0):\n",
    "    Generates floating-point numbers where every value in the interval has an equal probability.\n",
    "    output range : [0.0,1.0)\n",
    "\n",
    "\"\"\"\n",
    "#Initialize the gernartor\n",
    "rng=np.random.default_rng()\n",
    "\n",
    "#creating a uniform 3x3 matrix\n",
    "uniform_matrix=rng.random(size=(3,3))\n",
    "print(\"Using continous Uniform Distribution : \",\"\\n\",uniform_matrix)\n",
    "\n",
    "\n",
    "\"\"\"\n",
    "2. Standard Normal (Gaussian) Distribution:\n",
    "    Generates floating-point numbers following a bell curve centered at a mean of 0 with a standard deviation (variance) of 1.\n",
    "    output range : (-∞,+∞)\n",
    "\"\"\"\n",
    "\n",
    "normal_matrix=rng.standard_normal(size=(3,3))\n",
    "print(\"Using Gaussian Distribution : \",\"\\n\",normal_matrix)\n",
    "\n",
    "\n",
    "\"\"\"\n",
    "3. Discrete Uniform Integers:\n",
    "    Generates random whole numbers within a specific range. The low limit is inclusive, while the high limit is exclusive.\n",
    "    output range : [low,high)\n",
    "\n",
    "\"\"\" \n",
    "\n",
    "integer_matrix=rng.integers(low=2,high=99,size=(3,3))\n",
    "print(\"Using Discrete Uniform Integers : \",\"\\n\",integer_matrix)\n",
    "\n"
   ]
  },
  {
   "cell_type": "markdown",
   "id": "e5f12b2f",
   "metadata": {},
   "source": [
    "# Truly Random ?\n",
    "Computers can't generate truly random numbers.\n",
    "They use mathematical algorithms to create \"pseudo-random\" sequences\n",
    "\n",
    "To lock randomness in genrated matrix use **seed** for exact reproducibility.\n",
    "\n",
    "## Reproducibility using Seeds\n",
    "By setting a seed value, it  force the generator engine to start at the exact same point in its mathematical sequence every time.\n",
    "\n",
    "#### Why Use a Seed?\n",
    "\n",
    "* **Debugging:** When code crashes on a specific random matrix, a seed allows to regenerate that exact same matrix to find the bug.\n",
    "* **Scientific Benchmarking:** When comparing two different algorithms, it must be test on the exact same data to ensure a fair comparison."
   ]
  },
  {
   "cell_type": "code",
   "execution_count": 3,
   "id": "fd027e34",
   "metadata": {},
   "outputs": [
    {
     "name": "stdout",
     "output_type": "stream",
     "text": [
      "Genrated Matrices are equal :\n",
      "Matrix A :  \n",
      " [[ 0.84226132 -2.97611117]\n",
      " [-0.30502388  1.44988792]\n",
      " [-1.24396147  0.0532106 ]] \n",
      " Matrix B :  \n",
      " [[ 0.84226132 -2.97611117]\n",
      " [-0.30502388  1.44988792]\n",
      " [-1.24396147  0.0532106 ]]\n"
     ]
    }
   ],
   "source": [
    "#Genrating two same random Matrices\n",
    "\n",
    "#Initialize the generator with an explicit seed integer\n",
    "rng1=np.random.default_rng(seed=55)\n",
    "matrix_A = rng1.standard_normal(size=(3,2))\n",
    "\n",
    "#Initializing the second genrator with exact same seed \n",
    "rng2=np.random.default_rng(seed=55)\n",
    "matrix_B = rng2.standard_normal(size=(3,2))\n",
    "\n",
    "if np.array_equal(matrix_A,matrix_B):\n",
    "    print(\"Genrated Matrices are equal :\")\n",
    "    print(\"Matrix A : \",\"\\n\",matrix_A,\"\\n\",\"Matrix B : \",\"\\n\",matrix_B)\n",
    "else:\n",
    "    print(\"Genrated Matrices are NOT equal\")    "
   ]
  },
  {
   "cell_type": "markdown",
   "id": "04efdb4e",
   "metadata": {},
   "source": [
    "# Complex-Valued Random Matrices\n",
    "\n",
    "Used mostly in  engineering and physics, matrices often require complex numbers containing both a real part ($a$) and an imaginary part ($bi$, where $i = \\sqrt{-1}$).\n",
    "\n",
    "\n",
    "#### How to Construct a Complex Random Matrix\n",
    "\n",
    "NumPy does not have a single direct function for complex numbers. Instead, we can generate the real matrix and the imaginary matrix independently, then mathematically combine them.\n",
    "\n"
   ]
  },
  {
   "cell_type": "code",
   "execution_count": 4,
   "id": "31cc37ba",
   "metadata": {},
   "outputs": [
    {
     "name": "stdout",
     "output_type": "stream",
     "text": [
      "Randomly genrated complex Matrix : \n",
      " [[-0.84994072+0.12535155j  0.32194085+0.54422123j  1.78904286-0.67382748j]\n",
      " [ 0.8793392 +0.01964472j  0.37159282-1.05808512j  1.48769378-1.34806622j]\n",
      " [ 0.72866553+1.21982602j  2.08124873-2.40019087j -1.33726808-1.55657975j]]\n",
      "Hermetian Matrix :  \n",
      " [[-0.84994072+0.j          0.60064002+0.26228825j  1.25885419-0.94682675j]\n",
      " [ 0.60064002-0.26228825j  0.37159282+0.j          1.78447126+0.52606232j]\n",
      " [ 1.25885419+0.94682675j  1.78447126-0.52606232j -1.33726808+0.j        ]]\n"
     ]
    }
   ],
   "source": [
    "rng = np.random.default_rng(seed=56)\n",
    "\n",
    "#Shape configuration\n",
    "rows,cols=3,3\n",
    "\n",
    "#Real component \n",
    "real_part=rng.standard_normal((rows,cols))\n",
    "\n",
    "#imaginary component\n",
    "imag_part=rng.standard_normal((rows,cols))\n",
    "\n",
    "#Combining real and imaginary parts\n",
    "complex_matrix = real_part + 1j * imag_part\n",
    "\n",
    "print(\"Randomly genrated complex Matrix :\",\"\\n\",complex_matrix)\n",
    "\n",
    "\n",
    "\"\"\"\n",
    "In phyical systems, Matrices must often be Hermitian(equal to their own conjugate transpose i.e  H = H† )\n",
    "\n",
    "To obtain Hermitian matrix (H) :\n",
    "\n",
    "        H= ( A+A† )/2\n",
    "        \n",
    "    Note: 1. Divion by 2 does not affect the symmetry at all, it only affects the scale of number i.e. preserving the real part only in digonal\n",
    "            elements of H. \n",
    "            \n",
    "          2. The diagonal elements of Hermetian Matrix is always real.         \n",
    "\"\"\"\n",
    "\n",
    "Hermetian_matrix=(complex_matrix + complex_matrix.conj().T)/2\n",
    "print(\"Hermetian Matrix : \",\"\\n\",Hermetian_matrix)\n"
   ]
  },
  {
   "cell_type": "code",
   "execution_count": 12,
   "id": "4c82fd2f",
   "metadata": {},
   "outputs": [
    {
     "name": "stdout",
     "output_type": "stream",
     "text": [
      "Genrated Matrix : \n",
      " [[-1.36997603  1.38618812 -0.35481905  0.22573874  0.14671812 -1.1137147 ]\n",
      " [ 1.38618812 -0.93030107 -0.50489918 -1.22580626  0.25887809  0.02413768]\n",
      " [-0.35481905 -0.50489918 -0.77476174 -0.29372181 -1.04973325  0.78873985]\n",
      " [ 0.22573874 -1.22580626 -0.29372181  0.56500695 -0.42900342  0.85485986]\n",
      " [ 0.14671812  0.25887809 -1.04973325 -0.42900342  0.69868358  1.00946645]\n",
      " [-1.1137147   0.02413768  0.78873985  0.85485986  1.00946645  0.1996547 ]] \n",
      " determinant :  -6.58842433580702 \n",
      "\n",
      "Matrix is non-singular and invertible :\n",
      "Inverse of Matrix A :  \n",
      " [[-0.25911229 -0.28546473 -0.69349303  0.23660894  0.18914974 -0.64065075]\n",
      " [-0.28546473 -0.66927294 -0.21422726 -0.47505255  0.36215187 -0.46219195]\n",
      " [-0.69349303 -0.21422726  0.23862835 -0.7859988  -0.34136509  0.30611504]\n",
      " [ 0.23660894 -0.47505255 -0.7859988   0.97404374  0.14386079 -0.41553464]\n",
      " [ 0.18914974  0.36215187 -0.34136509  0.14386079  0.26753907  0.3912408 ]\n",
      " [-0.64065075 -0.46219195  0.30611504 -0.41553464  0.3912408   0.0825845 ]]\n",
      "Is close to identity? :  True\n",
      "Eigen value : -3.3505389310948472  -->  Eigen Vector : [ 0.59922211 -0.54507719 -0.25047318 -0.3260769  -0.18036309  0.37713382]\n",
      "Eigen value : -1.8156289685846843  -->  Eigen Vector : [-0.42477763  0.25034785 -0.69636837 -0.09655664 -0.42385625  0.28806894]\n",
      "Eigen value : -0.635118309879599  -->  Eigen Vector : [ 0.4706994   0.64703601  0.23964367  0.23526498 -0.24173769  0.43424724]\n",
      "Eigen value : 0.5115786907044599  -->  Eigen Vector : [ 0.34995402 -0.04554773 -0.53241773  0.68779711  0.12093567 -0.32295301]\n",
      "Eigen value : 2.0595960671252906  -->  Eigen Vector : [ 0.33753024  0.44808789 -0.2473776  -0.59325711  0.12349931 -0.50684201]\n",
      "Eigen value : 1.6184178421533666  -->  Eigen Vector : [-0.05044231  0.13676203 -0.22414477 -0.06310468  0.83636141  0.47437141]\n",
      "Eigenvalue equation holds? :  True\n"
     ]
    }
   ],
   "source": [
    "import numpy as np \n",
    "rng= np.random.default_rng()#add sedd=\"integer\"  in required fixed matrix\n",
    "\n",
    "def genrate_matrix(rows,cols):\n",
    "    \n",
    "    if rows!=cols:\n",
    "        raise ValueError(\"Expected: Square matrix!\")\n",
    "    \n",
    "    matrix_m=rng.standard_normal(size=(rows,cols))\n",
    "\n",
    "    #making symmetric matrix\n",
    "    A=(matrix_m + matrix_m.T)/2\n",
    "    #determinant of A\n",
    "    det_A=np.linalg.det(A)\n",
    "    \n",
    "    return A,det_A\n",
    "\n",
    "def eigen_val_vec(A):\n",
    "    \n",
    "    eigvals,eigvecs = np.linalg.eig(A)\n",
    "    \n",
    "    for i in range(len(eigvals)):\n",
    "        print (\"Eigen value :\",eigvals[i],\" --> \",\"Eigen Vector :\",eigvecs[:,i])\n",
    "    \n",
    "    #verification for first eigen pair\n",
    "    lamb_0=eigvals[0]\n",
    "    v0=eigvecs[:,0]\n",
    "    \n",
    "    left = A@v0\n",
    "    right = lamb_0 * v0 \n",
    "    \n",
    "    return np.allclose(left,right)\n",
    "\n",
    "def get_inverse(A):\n",
    "    \n",
    "    invA=np.linalg.inv(A)\n",
    "    print(\"Inverse of Matrix A : \",\"\\n\",invA)\n",
    "    \n",
    "    #Verification A * inv(A) should be identity\n",
    "    \n",
    "    ident_check = A @ invA\n",
    "    \n",
    "    return np.allclose(ident_check,np.eye(A.shape[0]))\n",
    "        \n",
    "    \n",
    "    \n",
    "try:\n",
    "    rows,cols=6,6\n",
    "    A,det_A = genrate_matrix(rows,cols)\n",
    "    print(\"Genrated Matrix :\",\"\\n\",A,\"\\n\",\"determinant : \",det_A,\"\\n\")\n",
    "        \n",
    "        \n",
    "    if np.abs(det_A)>1e-10:\n",
    "        print(\"Matrix is non-singular and invertible :\")\n",
    "        \n",
    "        #Inverse of A and verification\n",
    "        print(\"Is close to identity? : \",get_inverse(A))\n",
    "        \n",
    "        #Eigen value and vector and verification of eigenvalue equation\n",
    "        print(\"Eigenvalue equation holds? : \",eigen_val_vec(A))\n",
    "            \n",
    "    else:\n",
    "        print(\"Matrix is singular, can't invert!\")\n",
    "        \n",
    "except ValueError as e:\n",
    "    # This catches  intended exception so the script finishes cleanly\n",
    "    print(f\"Caught expected error: {e}\")            \n",
    "        \n",
    "\n",
    "\n"
   ]
  },
  {
   "cell_type": "code",
   "execution_count": 11,
   "id": "bfefb3ca",
   "metadata": {},
   "outputs": [
    {
     "name": "stdout",
     "output_type": "stream",
     "text": [
      "Genrated Matrix : \n",
      " [[ 0.30471708 -1.03998411  0.7504512 ]\n",
      " [ 0.94056472 -1.95103519 -1.30217951]\n",
      " [ 0.1278404  -0.31624259 -0.01680116]] \n",
      " determinant :  0.005156749341926485\n",
      "Is singular? :  False\n"
     ]
    }
   ],
   "source": [
    "#checking the singularity of matrix by determinant\n",
    "rng=np.random.default_rng(seed=42)\n",
    "\n",
    "def is_singular(A, tol=1e-10):\n",
    "    \n",
    "    if A.shape[0] != A.shape[1]:\n",
    "        raise ValueError(\"Expected: Square matrix!\")\n",
    "    \n",
    "    #determinant of A\n",
    "    det_A = np.linalg.det(A)\n",
    "    \n",
    "    #A matrix is considered singular if its determinant is close to zero (within a specified tolerance).\n",
    "    return np.abs(det_A) < tol\n",
    "\n",
    "\n",
    "#genrating a random 3x3 matrix and checking its singularity\n",
    "rows,cols=3,3\n",
    "\n",
    "A=rng.standard_normal((rows,cols))\n",
    "det_A=np.linalg.det(A)\n",
    "\n",
    "print(\"Genrated Matrix :\",\"\\n\",A,\"\\n\",\"determinant : \",det_A)\n",
    "print(\"Is singular? : \",is_singular(A))\n",
    "\n",
    "\n",
    "\n"
   ]
  }
 ],
 "metadata": {
  "kernelspec": {
   "display_name": "arbaz_vir (3.12.3)",
   "language": "python",
   "name": "python3"
  },
  "language_info": {
   "codemirror_mode": {
    "name": "ipython",
    "version": 3
   },
   "file_extension": ".py",
   "mimetype": "text/x-python",
   "name": "python",
   "nbconvert_exporter": "python",
   "pygments_lexer": "ipython3",
   "version": "3.12.3"
  }
 },
 "nbformat": 4,
 "nbformat_minor": 5
}
